{
  "cells": [
    {
      "cell_type": "markdown",
      "metadata": {
        "id": "DtKNQFxmnvZD"
      },
      "source": [
        "# url: https://qiita.com/mshinoda88/items/0e54e7e03e1aa52edb5b"
      ]
    },
    {
      "cell_type": "markdown",
      "source": [
        "※ 元記事にseed値を固定していないため再現性による検証は出来ていない"
      ],
      "metadata": {
        "id": "QiY05wi1_PqQ"
      }
    },
    {
      "cell_type": "markdown",
      "source": [
        "# 次元削減とクラスタリング"
      ],
      "metadata": {
        "id": "j5A6C-aR_FUY"
      }
    },
    {
      "cell_type": "markdown",
      "source": [
        "## 概要\n",
        "主成分分析(PCA, Principal Component Analysis) をクラスター分析と組み合わせて、高次の次元で定義されたデータを2次元空間データで表現する方法を、python3 で見ていく。また、類似のグループまたはクラスタのデータを検索し、データ内に隠れた関係を見つける。\n",
        "\n",
        "## キーワードの復習\n",
        "PCAは主成分(principal component)を見つけることによってデータの次元を低下させる。\n",
        "データセット元の特徴または変数を主成分に基づいて、縮小されたセットに変換することにより、データの分散を最大化するの最小の変数が得られます。\n",
        "新しい変数が2つしかない場合、データ内の各サンプルを散布図などの2次元チャートで表すことができます。\n",
        "\n",
        "## クラスタリング\n",
        "教師なしデータの分析技術として、クラスタリングは、その変数に基づいて「近接したデータサンプル」を編成する。\n",
        "\n",
        "    →各データが互いに「どのように関係しているのか」を理解し、同様のグループを発見可能。\n",
        "    →このグループまたはクラスタのそれぞれを取得すると、それらの重心(centroid)を定義可能。\n",
        "\n",
        "## 重心(centroid)\n",
        "重心は、クラスタ内の各データまでの距離の合計を最小にするデータサンプル。重心変数を分析することによって、各クラスタの特性を定義可能に。"
      ],
      "metadata": {
        "id": "MnRyhpkO_Lk3"
      }
    },
    {
      "cell_type": "markdown",
      "source": [
        "## 1. データセットの準備\n",
        "感染性結核の有病率に関するデータセットを使用。TB＝Tuberculosis、結核\n",
        "\n",
        "    ・Gapminderのウェブサイト。\n",
        "    　TB estimated prevalence (existing cases) per 100K\n",
        "    ・データセットは、各サンプル(国別データ)は18の異なる変数(1990年から2007年までの年別データ)。\n",
        "    ・それぞれ1990年から2007年までの年間の10万人当たりの感染性結核の症例数（既存、新規、死亡）。\n",
        "\n",
        "python 記述の前準備を行います。"
      ],
      "metadata": {
        "id": "q1iQhbrC_mLv"
      }
    },
    {
      "cell_type": "code",
      "source": [
        "# 基本のライブラリを読み込む\n",
        "import numpy as np\n",
        "import pandas as pd\n",
        "from scipy import stats\n",
        "\n",
        "# グラフ描画\n",
        "from matplotlib import pylab as plt\n",
        "import seaborn as sns\n",
        "%matplotlib inline\n",
        "\n",
        "# グラフを横長にする\n",
        "from matplotlib.pylab import rcParams\n",
        "rcParams['figure.figsize'] = 15, 6\n",
        "\n",
        "import matplotlib as mpl\n",
        "mpl.rcParams['font.family'] = ['serif']\n",
        "\n",
        "url = 'https://docs.google.com/spreadsheets/d/1X5Jp7Q8pTs3KLJ5JBWKhncVACGsg5v4xu6badNs4C7I/pub?gid=0&output=csv'\n",
        "existing_df = pd.read_csv(url, index_col = 0, thousands  = ',')\n",
        "existing_df.index.names = ['country']\n",
        "existing_df.columns.names = ['year']\n",
        "dhead = existing_df.head()\n",
        "display(dhead)"
      ],
      "metadata": {
        "colab": {
          "base_uri": "https://localhost:8080/",
          "height": 255
        },
        "id": "Iey5eHAT-29B",
        "outputId": "fedba99b-babe-425f-a16a-bf304b62b46b"
      },
      "execution_count": 1,
      "outputs": [
        {
          "output_type": "display_data",
          "data": {
            "text/plain": [
              "year            1990  1991  1992  1993  1994  1995  1996  1997  1998  1999  \\\n",
              "country                                                                      \n",
              "Afghanistan      436   429   422   415   407   397   397   387   374   373   \n",
              "Albania           42    40    41    42    42    43    42    44    43    42   \n",
              "Algeria           45    44    44    43    43    42    43    44    45    46   \n",
              "American Samoa    42    14     4    18    17    22     0    25    12     8   \n",
              "Andorra           39    37    35    33    32    30    28    23    24    22   \n",
              "\n",
              "year            2000  2001  2002  2003  2004  2005  2006  2007  \n",
              "country                                                         \n",
              "Afghanistan      346   326   304   308   283   267   251   238  \n",
              "Albania           40    34    32    32    29    29    26    22  \n",
              "Algeria           48    49    50    51    52    53    55    56  \n",
              "American Samoa     8     6     5     6     9    11     9     5  \n",
              "Andorra           20    20    21    18    19    18    17    19  "
            ],
            "text/html": [
              "\n",
              "  <div id=\"df-299b9e52-f547-42b5-ae2d-81dd4d6b61fa\" class=\"colab-df-container\">\n",
              "    <div>\n",
              "<style scoped>\n",
              "    .dataframe tbody tr th:only-of-type {\n",
              "        vertical-align: middle;\n",
              "    }\n",
              "\n",
              "    .dataframe tbody tr th {\n",
              "        vertical-align: top;\n",
              "    }\n",
              "\n",
              "    .dataframe thead th {\n",
              "        text-align: right;\n",
              "    }\n",
              "</style>\n",
              "<table border=\"1\" class=\"dataframe\">\n",
              "  <thead>\n",
              "    <tr style=\"text-align: right;\">\n",
              "      <th>year</th>\n",
              "      <th>1990</th>\n",
              "      <th>1991</th>\n",
              "      <th>1992</th>\n",
              "      <th>1993</th>\n",
              "      <th>1994</th>\n",
              "      <th>1995</th>\n",
              "      <th>1996</th>\n",
              "      <th>1997</th>\n",
              "      <th>1998</th>\n",
              "      <th>1999</th>\n",
              "      <th>2000</th>\n",
              "      <th>2001</th>\n",
              "      <th>2002</th>\n",
              "      <th>2003</th>\n",
              "      <th>2004</th>\n",
              "      <th>2005</th>\n",
              "      <th>2006</th>\n",
              "      <th>2007</th>\n",
              "    </tr>\n",
              "    <tr>\n",
              "      <th>country</th>\n",
              "      <th></th>\n",
              "      <th></th>\n",
              "      <th></th>\n",
              "      <th></th>\n",
              "      <th></th>\n",
              "      <th></th>\n",
              "      <th></th>\n",
              "      <th></th>\n",
              "      <th></th>\n",
              "      <th></th>\n",
              "      <th></th>\n",
              "      <th></th>\n",
              "      <th></th>\n",
              "      <th></th>\n",
              "      <th></th>\n",
              "      <th></th>\n",
              "      <th></th>\n",
              "      <th></th>\n",
              "    </tr>\n",
              "  </thead>\n",
              "  <tbody>\n",
              "    <tr>\n",
              "      <th>Afghanistan</th>\n",
              "      <td>436</td>\n",
              "      <td>429</td>\n",
              "      <td>422</td>\n",
              "      <td>415</td>\n",
              "      <td>407</td>\n",
              "      <td>397</td>\n",
              "      <td>397</td>\n",
              "      <td>387</td>\n",
              "      <td>374</td>\n",
              "      <td>373</td>\n",
              "      <td>346</td>\n",
              "      <td>326</td>\n",
              "      <td>304</td>\n",
              "      <td>308</td>\n",
              "      <td>283</td>\n",
              "      <td>267</td>\n",
              "      <td>251</td>\n",
              "      <td>238</td>\n",
              "    </tr>\n",
              "    <tr>\n",
              "      <th>Albania</th>\n",
              "      <td>42</td>\n",
              "      <td>40</td>\n",
              "      <td>41</td>\n",
              "      <td>42</td>\n",
              "      <td>42</td>\n",
              "      <td>43</td>\n",
              "      <td>42</td>\n",
              "      <td>44</td>\n",
              "      <td>43</td>\n",
              "      <td>42</td>\n",
              "      <td>40</td>\n",
              "      <td>34</td>\n",
              "      <td>32</td>\n",
              "      <td>32</td>\n",
              "      <td>29</td>\n",
              "      <td>29</td>\n",
              "      <td>26</td>\n",
              "      <td>22</td>\n",
              "    </tr>\n",
              "    <tr>\n",
              "      <th>Algeria</th>\n",
              "      <td>45</td>\n",
              "      <td>44</td>\n",
              "      <td>44</td>\n",
              "      <td>43</td>\n",
              "      <td>43</td>\n",
              "      <td>42</td>\n",
              "      <td>43</td>\n",
              "      <td>44</td>\n",
              "      <td>45</td>\n",
              "      <td>46</td>\n",
              "      <td>48</td>\n",
              "      <td>49</td>\n",
              "      <td>50</td>\n",
              "      <td>51</td>\n",
              "      <td>52</td>\n",
              "      <td>53</td>\n",
              "      <td>55</td>\n",
              "      <td>56</td>\n",
              "    </tr>\n",
              "    <tr>\n",
              "      <th>American Samoa</th>\n",
              "      <td>42</td>\n",
              "      <td>14</td>\n",
              "      <td>4</td>\n",
              "      <td>18</td>\n",
              "      <td>17</td>\n",
              "      <td>22</td>\n",
              "      <td>0</td>\n",
              "      <td>25</td>\n",
              "      <td>12</td>\n",
              "      <td>8</td>\n",
              "      <td>8</td>\n",
              "      <td>6</td>\n",
              "      <td>5</td>\n",
              "      <td>6</td>\n",
              "      <td>9</td>\n",
              "      <td>11</td>\n",
              "      <td>9</td>\n",
              "      <td>5</td>\n",
              "    </tr>\n",
              "    <tr>\n",
              "      <th>Andorra</th>\n",
              "      <td>39</td>\n",
              "      <td>37</td>\n",
              "      <td>35</td>\n",
              "      <td>33</td>\n",
              "      <td>32</td>\n",
              "      <td>30</td>\n",
              "      <td>28</td>\n",
              "      <td>23</td>\n",
              "      <td>24</td>\n",
              "      <td>22</td>\n",
              "      <td>20</td>\n",
              "      <td>20</td>\n",
              "      <td>21</td>\n",
              "      <td>18</td>\n",
              "      <td>19</td>\n",
              "      <td>18</td>\n",
              "      <td>17</td>\n",
              "      <td>19</td>\n",
              "    </tr>\n",
              "  </tbody>\n",
              "</table>\n",
              "</div>\n",
              "    <div class=\"colab-df-buttons\">\n",
              "\n",
              "  <div class=\"colab-df-container\">\n",
              "    <button class=\"colab-df-convert\" onclick=\"convertToInteractive('df-299b9e52-f547-42b5-ae2d-81dd4d6b61fa')\"\n",
              "            title=\"Convert this dataframe to an interactive table.\"\n",
              "            style=\"display:none;\">\n",
              "\n",
              "  <svg xmlns=\"http://www.w3.org/2000/svg\" height=\"24px\" viewBox=\"0 -960 960 960\">\n",
              "    <path d=\"M120-120v-720h720v720H120Zm60-500h600v-160H180v160Zm220 220h160v-160H400v160Zm0 220h160v-160H400v160ZM180-400h160v-160H180v160Zm440 0h160v-160H620v160ZM180-180h160v-160H180v160Zm440 0h160v-160H620v160Z\"/>\n",
              "  </svg>\n",
              "    </button>\n",
              "\n",
              "  <style>\n",
              "    .colab-df-container {\n",
              "      display:flex;\n",
              "      gap: 12px;\n",
              "    }\n",
              "\n",
              "    .colab-df-convert {\n",
              "      background-color: #E8F0FE;\n",
              "      border: none;\n",
              "      border-radius: 50%;\n",
              "      cursor: pointer;\n",
              "      display: none;\n",
              "      fill: #1967D2;\n",
              "      height: 32px;\n",
              "      padding: 0 0 0 0;\n",
              "      width: 32px;\n",
              "    }\n",
              "\n",
              "    .colab-df-convert:hover {\n",
              "      background-color: #E2EBFA;\n",
              "      box-shadow: 0px 1px 2px rgba(60, 64, 67, 0.3), 0px 1px 3px 1px rgba(60, 64, 67, 0.15);\n",
              "      fill: #174EA6;\n",
              "    }\n",
              "\n",
              "    .colab-df-buttons div {\n",
              "      margin-bottom: 4px;\n",
              "    }\n",
              "\n",
              "    [theme=dark] .colab-df-convert {\n",
              "      background-color: #3B4455;\n",
              "      fill: #D2E3FC;\n",
              "    }\n",
              "\n",
              "    [theme=dark] .colab-df-convert:hover {\n",
              "      background-color: #434B5C;\n",
              "      box-shadow: 0px 1px 3px 1px rgba(0, 0, 0, 0.15);\n",
              "      filter: drop-shadow(0px 1px 2px rgba(0, 0, 0, 0.3));\n",
              "      fill: #FFFFFF;\n",
              "    }\n",
              "  </style>\n",
              "\n",
              "    <script>\n",
              "      const buttonEl =\n",
              "        document.querySelector('#df-299b9e52-f547-42b5-ae2d-81dd4d6b61fa button.colab-df-convert');\n",
              "      buttonEl.style.display =\n",
              "        google.colab.kernel.accessAllowed ? 'block' : 'none';\n",
              "\n",
              "      async function convertToInteractive(key) {\n",
              "        const element = document.querySelector('#df-299b9e52-f547-42b5-ae2d-81dd4d6b61fa');\n",
              "        const dataTable =\n",
              "          await google.colab.kernel.invokeFunction('convertToInteractive',\n",
              "                                                    [key], {});\n",
              "        if (!dataTable) return;\n",
              "\n",
              "        const docLinkHtml = 'Like what you see? Visit the ' +\n",
              "          '<a target=\"_blank\" href=https://colab.research.google.com/notebooks/data_table.ipynb>data table notebook</a>'\n",
              "          + ' to learn more about interactive tables.';\n",
              "        element.innerHTML = '';\n",
              "        dataTable['output_type'] = 'display_data';\n",
              "        await google.colab.output.renderOutput(dataTable, element);\n",
              "        const docLink = document.createElement('div');\n",
              "        docLink.innerHTML = docLinkHtml;\n",
              "        element.appendChild(docLink);\n",
              "      }\n",
              "    </script>\n",
              "  </div>\n",
              "\n",
              "\n",
              "<div id=\"df-5de65d69-121b-4b64-8fed-e47349b2912c\">\n",
              "  <button class=\"colab-df-quickchart\" onclick=\"quickchart('df-5de65d69-121b-4b64-8fed-e47349b2912c')\"\n",
              "            title=\"Suggest charts\"\n",
              "            style=\"display:none;\">\n",
              "\n",
              "<svg xmlns=\"http://www.w3.org/2000/svg\" height=\"24px\"viewBox=\"0 0 24 24\"\n",
              "     width=\"24px\">\n",
              "    <g>\n",
              "        <path d=\"M19 3H5c-1.1 0-2 .9-2 2v14c0 1.1.9 2 2 2h14c1.1 0 2-.9 2-2V5c0-1.1-.9-2-2-2zM9 17H7v-7h2v7zm4 0h-2V7h2v10zm4 0h-2v-4h2v4z\"/>\n",
              "    </g>\n",
              "</svg>\n",
              "  </button>\n",
              "\n",
              "<style>\n",
              "  .colab-df-quickchart {\n",
              "      --bg-color: #E8F0FE;\n",
              "      --fill-color: #1967D2;\n",
              "      --hover-bg-color: #E2EBFA;\n",
              "      --hover-fill-color: #174EA6;\n",
              "      --disabled-fill-color: #AAA;\n",
              "      --disabled-bg-color: #DDD;\n",
              "  }\n",
              "\n",
              "  [theme=dark] .colab-df-quickchart {\n",
              "      --bg-color: #3B4455;\n",
              "      --fill-color: #D2E3FC;\n",
              "      --hover-bg-color: #434B5C;\n",
              "      --hover-fill-color: #FFFFFF;\n",
              "      --disabled-bg-color: #3B4455;\n",
              "      --disabled-fill-color: #666;\n",
              "  }\n",
              "\n",
              "  .colab-df-quickchart {\n",
              "    background-color: var(--bg-color);\n",
              "    border: none;\n",
              "    border-radius: 50%;\n",
              "    cursor: pointer;\n",
              "    display: none;\n",
              "    fill: var(--fill-color);\n",
              "    height: 32px;\n",
              "    padding: 0;\n",
              "    width: 32px;\n",
              "  }\n",
              "\n",
              "  .colab-df-quickchart:hover {\n",
              "    background-color: var(--hover-bg-color);\n",
              "    box-shadow: 0 1px 2px rgba(60, 64, 67, 0.3), 0 1px 3px 1px rgba(60, 64, 67, 0.15);\n",
              "    fill: var(--button-hover-fill-color);\n",
              "  }\n",
              "\n",
              "  .colab-df-quickchart-complete:disabled,\n",
              "  .colab-df-quickchart-complete:disabled:hover {\n",
              "    background-color: var(--disabled-bg-color);\n",
              "    fill: var(--disabled-fill-color);\n",
              "    box-shadow: none;\n",
              "  }\n",
              "\n",
              "  .colab-df-spinner {\n",
              "    border: 2px solid var(--fill-color);\n",
              "    border-color: transparent;\n",
              "    border-bottom-color: var(--fill-color);\n",
              "    animation:\n",
              "      spin 1s steps(1) infinite;\n",
              "  }\n",
              "\n",
              "  @keyframes spin {\n",
              "    0% {\n",
              "      border-color: transparent;\n",
              "      border-bottom-color: var(--fill-color);\n",
              "      border-left-color: var(--fill-color);\n",
              "    }\n",
              "    20% {\n",
              "      border-color: transparent;\n",
              "      border-left-color: var(--fill-color);\n",
              "      border-top-color: var(--fill-color);\n",
              "    }\n",
              "    30% {\n",
              "      border-color: transparent;\n",
              "      border-left-color: var(--fill-color);\n",
              "      border-top-color: var(--fill-color);\n",
              "      border-right-color: var(--fill-color);\n",
              "    }\n",
              "    40% {\n",
              "      border-color: transparent;\n",
              "      border-right-color: var(--fill-color);\n",
              "      border-top-color: var(--fill-color);\n",
              "    }\n",
              "    60% {\n",
              "      border-color: transparent;\n",
              "      border-right-color: var(--fill-color);\n",
              "    }\n",
              "    80% {\n",
              "      border-color: transparent;\n",
              "      border-right-color: var(--fill-color);\n",
              "      border-bottom-color: var(--fill-color);\n",
              "    }\n",
              "    90% {\n",
              "      border-color: transparent;\n",
              "      border-bottom-color: var(--fill-color);\n",
              "    }\n",
              "  }\n",
              "</style>\n",
              "\n",
              "  <script>\n",
              "    async function quickchart(key) {\n",
              "      const quickchartButtonEl =\n",
              "        document.querySelector('#' + key + ' button');\n",
              "      quickchartButtonEl.disabled = true;  // To prevent multiple clicks.\n",
              "      quickchartButtonEl.classList.add('colab-df-spinner');\n",
              "      try {\n",
              "        const charts = await google.colab.kernel.invokeFunction(\n",
              "            'suggestCharts', [key], {});\n",
              "      } catch (error) {\n",
              "        console.error('Error during call to suggestCharts:', error);\n",
              "      }\n",
              "      quickchartButtonEl.classList.remove('colab-df-spinner');\n",
              "      quickchartButtonEl.classList.add('colab-df-quickchart-complete');\n",
              "    }\n",
              "    (() => {\n",
              "      let quickchartButtonEl =\n",
              "        document.querySelector('#df-5de65d69-121b-4b64-8fed-e47349b2912c button');\n",
              "      quickchartButtonEl.style.display =\n",
              "        google.colab.kernel.accessAllowed ? 'block' : 'none';\n",
              "    })();\n",
              "  </script>\n",
              "</div>\n",
              "\n",
              "  <div id=\"id_a6c3972e-0575-4794-a329-2d4b326d46bf\">\n",
              "    <style>\n",
              "      .colab-df-generate {\n",
              "        background-color: #E8F0FE;\n",
              "        border: none;\n",
              "        border-radius: 50%;\n",
              "        cursor: pointer;\n",
              "        display: none;\n",
              "        fill: #1967D2;\n",
              "        height: 32px;\n",
              "        padding: 0 0 0 0;\n",
              "        width: 32px;\n",
              "      }\n",
              "\n",
              "      .colab-df-generate:hover {\n",
              "        background-color: #E2EBFA;\n",
              "        box-shadow: 0px 1px 2px rgba(60, 64, 67, 0.3), 0px 1px 3px 1px rgba(60, 64, 67, 0.15);\n",
              "        fill: #174EA6;\n",
              "      }\n",
              "\n",
              "      [theme=dark] .colab-df-generate {\n",
              "        background-color: #3B4455;\n",
              "        fill: #D2E3FC;\n",
              "      }\n",
              "\n",
              "      [theme=dark] .colab-df-generate:hover {\n",
              "        background-color: #434B5C;\n",
              "        box-shadow: 0px 1px 3px 1px rgba(0, 0, 0, 0.15);\n",
              "        filter: drop-shadow(0px 1px 2px rgba(0, 0, 0, 0.3));\n",
              "        fill: #FFFFFF;\n",
              "      }\n",
              "    </style>\n",
              "    <button class=\"colab-df-generate\" onclick=\"generateWithVariable('dhead')\"\n",
              "            title=\"Generate code using this dataframe.\"\n",
              "            style=\"display:none;\">\n",
              "\n",
              "  <svg xmlns=\"http://www.w3.org/2000/svg\" height=\"24px\"viewBox=\"0 0 24 24\"\n",
              "       width=\"24px\">\n",
              "    <path d=\"M7,19H8.4L18.45,9,17,7.55,7,17.6ZM5,21V16.75L18.45,3.32a2,2,0,0,1,2.83,0l1.4,1.43a1.91,1.91,0,0,1,.58,1.4,1.91,1.91,0,0,1-.58,1.4L9.25,21ZM18.45,9,17,7.55Zm-12,3A5.31,5.31,0,0,0,4.9,8.1,5.31,5.31,0,0,0,1,6.5,5.31,5.31,0,0,0,4.9,4.9,5.31,5.31,0,0,0,6.5,1,5.31,5.31,0,0,0,8.1,4.9,5.31,5.31,0,0,0,12,6.5,5.46,5.46,0,0,0,6.5,12Z\"/>\n",
              "  </svg>\n",
              "    </button>\n",
              "    <script>\n",
              "      (() => {\n",
              "      const buttonEl =\n",
              "        document.querySelector('#id_a6c3972e-0575-4794-a329-2d4b326d46bf button.colab-df-generate');\n",
              "      buttonEl.style.display =\n",
              "        google.colab.kernel.accessAllowed ? 'block' : 'none';\n",
              "\n",
              "      buttonEl.onclick = () => {\n",
              "        google.colab.notebook.generateWithVariable('dhead');\n",
              "      }\n",
              "      })();\n",
              "    </script>\n",
              "  </div>\n",
              "\n",
              "    </div>\n",
              "  </div>\n"
            ]
          },
          "metadata": {}
        }
      ]
    },
    {
      "cell_type": "markdown",
      "source": [
        "## 2. 主成分分析による次元削減\n",
        "### PCAを実行\n",
        "まず、18の異なる変数(1990年から2007年までの年別データ)を各国、2次元空間で表現したい。PCAを使用することにより、これらの18の変数を、その情報を最もよく捕捉する2つの変数に減らす。\n",
        "\n",
        "そのために、最初にPCAを実行する。\n",
        "sklearn.decomposition.PCA\n",
        "\n",
        "この実装では、特異値分解の scipy.linalg 実装を使用する。\n",
        "密な配列でのみ機能し、大きな次元のデータにはスケーリングできない。\n",
        "\n",
        "疎配列を使用している場合は numpy dense array\n",
        "または sklearn.decomposition.SparsePCA\n",
        "を参照。\n",
        "\n",
        "このPCAの実装を使用する場合、使用する主成分の数を事前に指定する必要がある。\n",
        "次に、fit() メソッドを呼び出し、結果を確認するだけ。\n",
        "\n"
      ],
      "metadata": {
        "id": "SywEnf7jAEcc"
      }
    },
    {
      "cell_type": "code",
      "source": [
        "from sklearn.decomposition import PCA\n",
        "pca = PCA(n_components=2)\n",
        "pca.fit(existing_df)"
      ],
      "metadata": {
        "colab": {
          "base_uri": "https://localhost:8080/",
          "height": 75
        },
        "id": "TrvuXlEs-2-q",
        "outputId": "dbb96eee-3eba-4e07-fae9-aa56e7a703b3"
      },
      "execution_count": 2,
      "outputs": [
        {
          "output_type": "execute_result",
          "data": {
            "text/plain": [
              "PCA(n_components=2)"
            ],
            "text/html": [
              "<style>#sk-container-id-1 {color: black;background-color: white;}#sk-container-id-1 pre{padding: 0;}#sk-container-id-1 div.sk-toggleable {background-color: white;}#sk-container-id-1 label.sk-toggleable__label {cursor: pointer;display: block;width: 100%;margin-bottom: 0;padding: 0.3em;box-sizing: border-box;text-align: center;}#sk-container-id-1 label.sk-toggleable__label-arrow:before {content: \"▸\";float: left;margin-right: 0.25em;color: #696969;}#sk-container-id-1 label.sk-toggleable__label-arrow:hover:before {color: black;}#sk-container-id-1 div.sk-estimator:hover label.sk-toggleable__label-arrow:before {color: black;}#sk-container-id-1 div.sk-toggleable__content {max-height: 0;max-width: 0;overflow: hidden;text-align: left;background-color: #f0f8ff;}#sk-container-id-1 div.sk-toggleable__content pre {margin: 0.2em;color: black;border-radius: 0.25em;background-color: #f0f8ff;}#sk-container-id-1 input.sk-toggleable__control:checked~div.sk-toggleable__content {max-height: 200px;max-width: 100%;overflow: auto;}#sk-container-id-1 input.sk-toggleable__control:checked~label.sk-toggleable__label-arrow:before {content: \"▾\";}#sk-container-id-1 div.sk-estimator input.sk-toggleable__control:checked~label.sk-toggleable__label {background-color: #d4ebff;}#sk-container-id-1 div.sk-label input.sk-toggleable__control:checked~label.sk-toggleable__label {background-color: #d4ebff;}#sk-container-id-1 input.sk-hidden--visually {border: 0;clip: rect(1px 1px 1px 1px);clip: rect(1px, 1px, 1px, 1px);height: 1px;margin: -1px;overflow: hidden;padding: 0;position: absolute;width: 1px;}#sk-container-id-1 div.sk-estimator {font-family: monospace;background-color: #f0f8ff;border: 1px dotted black;border-radius: 0.25em;box-sizing: border-box;margin-bottom: 0.5em;}#sk-container-id-1 div.sk-estimator:hover {background-color: #d4ebff;}#sk-container-id-1 div.sk-parallel-item::after {content: \"\";width: 100%;border-bottom: 1px solid gray;flex-grow: 1;}#sk-container-id-1 div.sk-label:hover label.sk-toggleable__label {background-color: #d4ebff;}#sk-container-id-1 div.sk-serial::before {content: \"\";position: absolute;border-left: 1px solid gray;box-sizing: border-box;top: 0;bottom: 0;left: 50%;z-index: 0;}#sk-container-id-1 div.sk-serial {display: flex;flex-direction: column;align-items: center;background-color: white;padding-right: 0.2em;padding-left: 0.2em;position: relative;}#sk-container-id-1 div.sk-item {position: relative;z-index: 1;}#sk-container-id-1 div.sk-parallel {display: flex;align-items: stretch;justify-content: center;background-color: white;position: relative;}#sk-container-id-1 div.sk-item::before, #sk-container-id-1 div.sk-parallel-item::before {content: \"\";position: absolute;border-left: 1px solid gray;box-sizing: border-box;top: 0;bottom: 0;left: 50%;z-index: -1;}#sk-container-id-1 div.sk-parallel-item {display: flex;flex-direction: column;z-index: 1;position: relative;background-color: white;}#sk-container-id-1 div.sk-parallel-item:first-child::after {align-self: flex-end;width: 50%;}#sk-container-id-1 div.sk-parallel-item:last-child::after {align-self: flex-start;width: 50%;}#sk-container-id-1 div.sk-parallel-item:only-child::after {width: 0;}#sk-container-id-1 div.sk-dashed-wrapped {border: 1px dashed gray;margin: 0 0.4em 0.5em 0.4em;box-sizing: border-box;padding-bottom: 0.4em;background-color: white;}#sk-container-id-1 div.sk-label label {font-family: monospace;font-weight: bold;display: inline-block;line-height: 1.2em;}#sk-container-id-1 div.sk-label-container {text-align: center;}#sk-container-id-1 div.sk-container {/* jupyter's `normalize.less` sets `[hidden] { display: none; }` but bootstrap.min.css set `[hidden] { display: none !important; }` so we also need the `!important` here to be able to override the default hidden behavior on the sphinx rendered scikit-learn.org. See: https://github.com/scikit-learn/scikit-learn/issues/21755 */display: inline-block !important;position: relative;}#sk-container-id-1 div.sk-text-repr-fallback {display: none;}</style><div id=\"sk-container-id-1\" class=\"sk-top-container\"><div class=\"sk-text-repr-fallback\"><pre>PCA(n_components=2)</pre><b>In a Jupyter environment, please rerun this cell to show the HTML representation or trust the notebook. <br />On GitHub, the HTML representation is unable to render, please try loading this page with nbviewer.org.</b></div><div class=\"sk-container\" hidden><div class=\"sk-item\"><div class=\"sk-estimator sk-toggleable\"><input class=\"sk-toggleable__control sk-hidden--visually\" id=\"sk-estimator-id-1\" type=\"checkbox\" checked><label for=\"sk-estimator-id-1\" class=\"sk-toggleable__label sk-toggleable__label-arrow\">PCA</label><div class=\"sk-toggleable__content\"><pre>PCA(n_components=2)</pre></div></div></div></div></div>"
            ]
          },
          "metadata": {},
          "execution_count": 2
        }
      ]
    },
    {
      "cell_type": "markdown",
      "source": [
        "## 主成分の確認\n",
        "主成分はcomponents_に入っている。\n",
        "ついでに平均と共分散行列はmean_, get_covariance()で見られる。"
      ],
      "metadata": {
        "id": "BKUzHTX7ASH-"
      }
    },
    {
      "cell_type": "code",
      "source": [
        "print(\"--- components ---\")\n",
        "display(pca.components_)\n",
        "\n",
        "print(\"--- mean ---\")\n",
        "display(pca.mean_)\n",
        "\n",
        "print(\"--- covariance ---\")\n",
        "display(pca.get_covariance())\n"
      ],
      "metadata": {
        "colab": {
          "base_uri": "https://localhost:8080/",
          "height": 1000
        },
        "id": "xjvggjR8-3Ae",
        "outputId": "7869a226-32f9-46ae-c51b-894d632bd9e3"
      },
      "execution_count": 3,
      "outputs": [
        {
          "output_type": "stream",
          "name": "stdout",
          "text": [
            "--- components ---\n"
          ]
        },
        {
          "output_type": "display_data",
          "data": {
            "text/plain": [
              "array([[ 0.25583801,  0.25470394,  0.25141064,  0.24772801,  0.24449817,\n",
              "         0.24141272,  0.2202353 ,  0.21919471,  0.2165391 ,  0.22204506,\n",
              "         0.22879832,  0.23376061,  0.23077592,  0.23574534,  0.23472456,\n",
              "         0.23435384,  0.23355341,  0.23217055],\n",
              "       [ 0.33830021,  0.31393233,  0.29277268,  0.26949215,  0.23778166,\n",
              "         0.20993393,  0.1208106 ,  0.07301764,  0.01743088, -0.05608852,\n",
              "        -0.10059987, -0.16723358, -0.20135595, -0.26801844, -0.27958111,\n",
              "        -0.29766788, -0.29587202, -0.31605565]])"
            ]
          },
          "metadata": {}
        },
        {
          "output_type": "stream",
          "name": "stdout",
          "text": [
            "--- mean ---\n"
          ]
        },
        {
          "output_type": "display_data",
          "data": {
            "text/plain": [
              "array([196.96618357, 196.46859903, 192.8115942 , 191.17391304,\n",
              "       188.72463768, 187.94202899, 178.89855072, 180.97584541,\n",
              "       178.12077295, 180.47342995, 177.52173913, 177.79710145,\n",
              "       179.51690821, 176.4057971 , 173.92270531, 171.18357488,\n",
              "       169.01932367, 167.25603865])"
            ]
          },
          "metadata": {}
        },
        {
          "output_type": "stream",
          "name": "stdout",
          "text": [
            "--- covariance ---\n"
          ]
        },
        {
          "output_type": "display_data",
          "data": {
            "text/plain": [
              "array([[53993.48551255, 52337.66372286, 51389.37520075, 50335.02534458,\n",
              "        49230.98159349, 48215.12375662, 42862.67850287, 41910.24126732,\n",
              "        40533.7836441 , 40389.8679113 , 40938.50481312, 40802.86425524,\n",
              "        39706.09474241, 39571.32243064, 39197.92766136, 38841.77662955,\n",
              "        38721.48813758, 38143.87006673],\n",
              "       [52337.66372286, 52826.66884154, 50847.28941121, 49822.60467085,\n",
              "        48757.4957843 , 47776.03528384, 42542.98920682, 41646.07918501,\n",
              "        40335.39492379, 40271.03950158, 40865.02692449, 40801.51826959,\n",
              "        39746.24051238, 39683.62715157, 39324.29996547, 38989.14364122,\n",
              "        38867.4605308 , 38314.06982959],\n",
              "       [51389.37520075, 50847.28941121, 51012.82716932, 48962.07058297,\n",
              "        47936.18871291, 46989.77288462, 41895.93245151, 41048.98468473,\n",
              "        39799.86913077, 39795.36272259, 40417.40093958, 40408.20293388,\n",
              "        39393.9611927 , 39385.67000907, 39040.27069967, 38723.96687827,\n",
              "        38602.41552001, 38072.38229935],\n",
              "       [50335.02534458, 49822.60467085, 48962.07058297, 49062.62921034,\n",
              "        47022.03606457, 46114.31032733, 41174.53999757, 40382.60711161,\n",
              "        39201.34574896, 39262.45016899, 39915.060095  , 39965.4028305 ,\n",
              "        38996.43871363, 39047.70064782, 38717.66917674, 38422.12344667,\n",
              "        38300.75149934, 37796.47645822],\n",
              "       [49230.98159349, 48757.4957843 , 47936.18871291, 47022.03606457,\n",
              "        47152.24484206, 45235.20480174, 40477.80455636, 39759.45687043,\n",
              "        38667.17279792, 38824.79289084, 39527.81066076, 39665.6952807 ,\n",
              "        38754.52968818, 38893.3596185 , 38582.93571594, 38315.1834211 ,\n",
              "        38193.01686241, 37722.03208826],\n",
              "       [48215.12375662, 47776.03528384, 46989.77288462, 46114.31032733,\n",
              "        45235.20480174, 45477.50459306, 39826.08290152, 39172.54511059,\n",
              "        38158.88035026, 38400.26280835, 39146.32590973, 39360.19062125,\n",
              "        38500.32310714, 38715.15476985, 38422.1347174 , 38178.85735175,\n",
              "        38056.13783434, 37614.63841034],\n",
              "       [42862.67850287, 42542.98920682, 41895.93245151, 41174.53999757,\n",
              "        40477.80455636, 39826.08290152, 36989.44218278, 35493.85833321,\n",
              "        34753.61694122, 35217.84784676, 36046.20475762, 36462.47708102,\n",
              "        35791.29749055, 36208.54747213, 35979.61041589, 35817.70706675,\n",
              "        35699.79212788, 35364.01513568],\n",
              "       [41910.24126732, 41646.07918501, 41048.98468473, 40382.60711161,\n",
              "        39759.45687043, 39172.54511059, 35493.85833321, 36222.30377362,\n",
              "        34550.770989  , 35175.78027343, 36098.89242473, 36660.9060809 ,\n",
              "        36068.537414  , 36631.58790961, 36429.36373004, 36308.31863189,\n",
              "        36186.97992924, 35897.53085   ],\n",
              "       [40533.7836441 , 40335.39492379, 39799.86913077, 39201.34574896,\n",
              "        38667.17279792, 38158.88035026, 34753.61694122, 34550.770989  ,\n",
              "        35145.42773594, 34893.64224668, 35919.86892979, 36646.17875099,\n",
              "        36148.60779879, 36876.01580439, 36705.93278114, 36632.79822645,\n",
              "        36508.3181061 , 36274.20422659],\n",
              "       [40389.8679113 , 40271.03950158, 39795.36272259, 39262.45016899,\n",
              "        38824.79289084, 38400.26280835, 35217.84784676, 35175.78027343,\n",
              "        34893.64224668, 37033.63274885, 37182.48670645, 38158.6152953 ,\n",
              "        37766.86471471, 38744.21934047, 38609.95694061, 38597.75967533,\n",
              "        38463.87923058, 38293.88963308],\n",
              "       [40938.50481312, 40865.02692449, 40417.40093958, 39915.060095  ,\n",
              "        39527.81066076, 39146.32590973, 36046.20475762, 36098.89242473,\n",
              "        35919.86892979, 37182.48670645, 39573.50499504, 39655.20541961,\n",
              "        39320.10530347, 40461.13601916, 40346.02407758, 40369.79921437,\n",
              "        40228.23837608, 40093.63549117],\n",
              "       [40802.86425524, 40801.51826959, 40408.20293388, 39965.4028305 ,\n",
              "        39665.6952807 , 39360.19062125, 36462.47708102, 36660.9060809 ,\n",
              "        36646.17875099, 38158.6152953 , 39655.20541961, 42079.24437129,\n",
              "        40782.10525842, 42149.5719697 , 42066.94651923, 42145.95920992,\n",
              "        41995.89474511, 41919.43850553],\n",
              "       [39706.09474241, 39746.24051238, 39393.9611927 , 38996.43871363,\n",
              "        38754.52968818, 38500.32310714, 35791.29749055, 36068.537414  ,\n",
              "        36148.60779879, 37766.86471471, 39320.10530347, 40782.10525842,\n",
              "        41662.11454574, 42067.57290057, 42005.68229282, 42114.47015199,\n",
              "        41963.26515793, 41922.13801492],\n",
              "       [39571.32243064, 39683.62715157, 39385.67000907, 39047.70064782,\n",
              "        38893.3596185 , 38715.15476985, 36208.54747213, 36631.58790961,\n",
              "        36876.01580439, 38744.21934047, 40461.13601916, 42149.5719697 ,\n",
              "        42067.57290057, 44815.6013245 , 43728.19840967, 43892.24633882,\n",
              "        43732.53114547, 43749.5707537 ],\n",
              "       [39197.92766136, 39324.29996547, 39040.27069967, 38717.66917674,\n",
              "        38582.93571594, 38422.1347174 , 35979.61041589, 36429.36373004,\n",
              "        36705.93278114, 38609.95694061, 40346.02407758, 42066.94651923,\n",
              "        42005.68229282, 43728.19840967, 44763.84690596, 43879.97781089,\n",
              "        43719.88159761, 43748.90221401],\n",
              "       [38841.77662955, 38989.14364122, 38723.96687827, 38422.12344667,\n",
              "        38315.1834211 , 38178.85735175, 35817.70706675, 36308.31863189,\n",
              "        36632.79822645, 38597.75967533, 40369.79921437, 42145.95920992,\n",
